32
0 1102 1919 2002 2020 1528 1299 1547 1221 1544 1847 1868 1983 1912 1385 1621 1560 1956 1667 1879 1526 1798 1218 1944 1789 1794 1181 1383 1862 1417 1406 1388 
1102 0 1760 1909 1642 1817 1905 1736 1120 1061 1510 2011 1701 1192 1671 1053 1442 1704 1339 1190 1456 1105 2031 1906 1694 1475 2037 1638 1588 1155 1814 1628 
1919 1760 0 1876 1436 1144 1540 1729 1557 1099 1924 1594 1822 1927 1851 1068 1267 1988 1340 1610 1974 1572 2000 1095 1136 1842 1940 1084 1447 1130 1824 1689 
2002 1909 1876 0 1298 1335 1759 1280 1864 1725 2042 1624 1939 1534 1488 1922 1329 1852 1323 1305 1596 1490 1107 1085 1341 1473 1812 1766 1199 1241 1805 1384 
2020 1642 1436 1298 0 1561 1964 1829 1073 1764 1453 1486 1424 1244 1658 1251 1171 1403 1548 1443 1243 1083 1692 1813 1872 1564 1227 1460 1698 2016 1996 1086 
1528 1817 1144 1335 1561 0 1030 1786 1834 1726 1787 1863 1589 1405 1154 1331 1124 1112 1738 1281 1026 2046 1896 1167 1485 1364 1686 1451 1368 1792 1132 1877 
1299 1905 1540 1759 1964 1030 0 2025 1880 1168 1044 1825 1926 1535 1931 1437 1934 1875 1448 1147 2029 1176 1495 1307 1558 1363 1380 1900 2045 1312 2009 1165 
1547 1736 1729 1280 1829 1786 2025 0 1223 1761 1750 1108 1962 1688 1408 1622 1422 1472 1882 1949 1072 1295 1468 1604 1884 1289 1516 1816 1767 1285 1801 1304 
1221 1120 1557 1864 1073 1834 1880 1223 0 1571 1808 1134 1925 1993 1802 1317 1602 1381 1389 1757 1734 1871 1920 1652 1664 1283 1971 1570 1682 1616 1748 1886 
1544 1061 1099 1725 1764 1726 1168 1761 1571 0 1957 1749 1219 1162 1025 1563 1081 1200 1947 1434 1827 1370 1524 1328 1587 1573 1707 1438 1428 1239 1709 1228 
1847 1510 1924 2042 1453 1787 1044 1750 1808 1957 0 1461 1157 1629 1092 1390 1961 1314 1421 1093 1733 1849 1075 1337 1756 1958 1119 1710 1916 1365 1401 1234 
1868 2011 1594 1624 1486 1863 1825 1108 1134 1749 1461 0 1719 1310 1369 1585 1332 1500 1619 1791 1413 1272 1320 1426 1429 1201 1467 1941 2005 1287 1111 1633 
1983 1701 1822 1939 1424 1589 1926 1962 1925 1219 1157 1719 0 1479 1854 1354 1562 1126 1343 1679 1180 1893 2006 1231 1670 1184 1037 1937 1032 1153 1861 1207 
1912 1192 1927 1534 1244 1405 1535 1688 1993 1162 1629 1310 1479 0 1856 1950 1288 1644 1214 1491 1432 2023 1830 1372 1551 1695 1552 1714 1894 2003 2040 1975 
1385 1671 1851 1488 1658 1154 1931 1408 1802 1025 1092 1369 1854 1856 0 1170 1609 1632 1716 1803 1411 1141 1799 1828 1493 1174 1113 1582 1465 1476 1911 1230 
1621 1053 1068 1922 1251 1331 1437 1622 1317 1563 1390 1585 1354 1950 1170 0 1636 1968 1503 1211 1050 1382 1360 1569 1260 1057 1661 1985 1062 1788 1315 1987 
1560 1442 1267 1329 1171 1124 1934 1422 1602 1081 1961 1332 1562 1288 1609 1636 0 1986 1055 1972 1659 1235 1094 1617 1832 1139 1575 1966 2026 1271 1942 1979 
1956 1704 1988 1852 1403 1112 1875 1472 1381 1200 1314 1500 1126 1644 1632 1968 1986 0 1532 1818 1416 1618 1943 1653 1255 1191 1249 1063 1991 1835 1371 1800 
1667 1339 1340 1323 1548 1738 1448 1882 1389 1947 1421 1619 1343 1214 1716 1503 1055 1532 0 1045 1110 1270 1874 2036 1590 1783 1367 1212 1917 1318 2039 1718 
1879 1190 1610 1305 1443 1281 1147 1949 1757 1434 1093 1791 1679 1491 1803 1211 1972 1818 1045 0 1970 1899 1047 1377 1606 1531 1599 1831 2001 2004 1843 1206 
1526 1456 1974 1596 1243 1026 2029 1072 1734 1827 1733 1413 1180 1432 1411 1050 1659 1416 1110 1970 0 1161 1268 1290 1690 1463 1104 1347 1721 1542 1898 2022 
1798 1105 1572 1490 1083 2046 1176 1295 1871 1370 1849 1272 1893 2023 1141 1382 1235 1618 1270 1899 1161 0 1350 1115 1220 2035 1427 1645 1392 1379 1414 1984 
1218 2031 2000 1107 1692 1896 1495 1468 1920 1524 1075 1320 2006 1830 1799 1360 1094 1943 1874 1047 1268 1350 0 1125 1598 1846 1529 2047 1308 1210 1197 1236 
1944 1906 1095 1085 1813 1167 1307 1604 1652 1328 1337 1426 1231 1372 1828 1569 1617 1653 2036 1377 1290 1115 1125 0 1064 1823 1747 1114 1533 1858 1056 2013 
1789 1694 1136 1341 1872 1485 1558 1884 1664 1587 1756 1429 1670 1551 1493 1260 1832 1255 1590 1606 1690 1220 1598 1064 0 1565 1215 1349 1501 1773 1352 1252 
1794 1475 1842 1473 1564 1364 1363 1289 1283 1573 1958 1201 1184 1695 1174 1057 1139 1191 1783 1531 1463 2035 1846 1823 1565 0 1841 1601 1462 1242 1489 1913 
1181 2037 1940 1812 1227 1686 1380 1516 1971 1707 1119 1467 1037 1552 1113 1661 1575 1249 1367 1599 1104 1427 1529 1747 1215 1841 0 1595 1159 1469 1891 1965 
1383 1638 1084 1766 1460 1451 1900 1816 1570 1438 1710 1941 1937 1714 1582 1985 1966 1063 1212 1831 1347 1645 2047 1114 1349 1601 1595 0 1530 1820 1600 1505 
1862 1588 1447 1199 1698 1368 2045 1767 1682 1428 1916 2005 1032 1894 1465 1062 2026 1991 1917 2001 1721 1392 1308 1533 1501 1462 1159 1530 0 1774 1527 1881 
1417 1155 1130 1241 2016 1792 1312 1285 1616 1239 1365 1287 1153 2003 1476 1788 1271 1835 1318 2004 1542 1379 1210 1858 1773 1242 1469 1820 1774 0 1278 1753 
1406 1814 1824 1805 1996 1132 2009 1801 1748 1709 1401 1111 1861 2040 1911 1315 1942 1371 2039 1843 1898 1414 1197 1056 1352 1489 1891 1600 1527 1278 0 1780 
1388 1628 1689 1384 1086 1877 1165 1304 1886 1228 1234 1633 1207 1975 1230 1987 1979 1800 1718 1206 2022 1984 1236 2013 1252 1913 1965 1505 1881 1753 1780 0 
